0,43,129,131,31,129,34,27,28,134,131,31,133,135,32,31,33,143,130,33,27,40,131,143,128,30,129,137,28,31,131,136,131,135,131,28,25,128,136,26
43,0,122,122,36,120,43,36,37,123,124,36,124,126,41,42,48,134,117,42,36,41,128,134,123,37,124,130,31,34,118,117,118,122,122,41,32,125,121,35
129,122,0,32,126,32,129,134,131,23,28,130,30,26,129,126,118,18,31,124,128,115,30,18,33,129,26,24,131,128,36,37,30,26,34,131,136,33,29,133
131,122,32,0,126,32,129,134,129,27,26,128,28,24,127,128,128,16,29,126,134,117,28,16,29,133,28,24,133,132,26,31,34,26,30,133,134,33,29,133
31,36,126,126,0,126,39,32,33,129,130,38,128,128,35,42,38,138,125,42,36,37,126,138,123,31,126,132,31,34,124,123,124,126,122,29,30,129,125,31
129,120,32,32,126,0,121,136,129,29,26,126,34,26,129,126,124,18,31,122,130,119,26,18,31,127,28,20,131,128,28,33,28,28,32,131,134,35,31,131
34,43,129,129,39,121,0,31,24,132,129,37,129,135,36,39,35,139,130,43,35,44,127,139,126,30,129,131,32,33,131,126,131,131,127,34,29,124,130,30
27,36,134,134,32,136,31,0,27,137,136,32,134,142,31,30,30,146,131,32,28,37,136,146,133,25,132,140,23,30,130,131,130,138,136,21,22,127,135,23
28,37,131,129,33,129,24,27,0,136,137,29,135,135,30,33,35,145,132,33,27,40,135,145,134,26,133,137,26,27,129,128,139,133,131,28,25,126,134,22
134,123,23,27,129,29,132,137,136,0,21,143,27,17,134,133,131,11,26,129,137,122,21,11,24,136,19,19,140,135,23,26,27,17,21,136,139,28,24,142
131,124,28,26,130,26,129,136,137,21,0,132,24,22,135,130,128,12,27,130,138,123,24,12,27,133,22,20,135,134,28,29,28,24,26,135,138,29,27,141
31,36,130,128,38,126,37,32,29,143,132,0,128,134,35,32,38,142,131,34,30,45,134,142,133,29,134,134,27,30,130,129,130,134,134,33,26,129,131,27
133,124,30,28,128,34,129,134,135,27,24,128,0,26,127,128,124,16,29,128,132,123,24,16,29,135,26,20,131,130,34,33,32,28,28,129,136,31,29,133
135,126,26,24,128,26,135,142,135,17,22,134,26,0,133,134,132,10,27,130,136,125,22,10,17,135,20,16,141,134,26,23,26,16,26,135,144,29,21,141
32,41,129,127,35,129,36,31,30,134,135,35,127,133,0,31,37,143,128,33,31,44,133,143,132,30,129,135,24,29,129,128,129,135,129,30,25,130,132,22
31,42,126,128,42,126,39,30,33,133,130,32,128,134,31,0,38,140,123,26,28,45,132,140,129,27,130,138,33,28,126,129,128,136,130,35,30,127,131,23
33,48,118,128,38,124,35,30,35,131,128,38,124,132,37,38,0,136,127,40,32,43,124,136,123,39,124,132,33,34,128,121,122,124,120,23,32,117,125,23
143,134,18,16,138,18,139,146,145,11,12,142,16,10,143,140,136,0,17,138,146,129,12,0,15,145,14,8,147,144,18,19,18,12,16,145,150,19,15,149
130,117,31,29,125,31,130,131,132,26,27,131,29,27,128,123,127,17,0,125,133,120,25,17,26,132,29,25,132,127,33,32,31,27,31,134,135,32,26,134
33,42,124,126,42,122,43,32,33,129,130,34,128,130,33,26,40,138,125,0,30,47,134,138,125,27,128,132,31,38,124,127,128,126,124,35,28,125,131,23
27,36,128,134,36,130,35,28,27,137,138,30,132,136,31,28,32,146,133,30,0,41,138,146,137,23,134,140,23,26,132,127,128,134,132,29,24,129,131,23
40,41,115,117,37,119,44,37,40,122,123,45,123,125,44,45,43,129,120,47,41,0,123,129,118,44,121,123,38,47,119,118,117,121,115,42,41,116,116,36
131,128,30,28,126,26,127,136,135,21,24,134,24,22,133,132,124,12,25,134,138,123,0,12,23,139,20,16,139,134,28,29,28,24,26,133,138,21,27,137
143,134,18,16,138,18,139,146,145,11,12,142,16,10,143,140,136,0,17,138,146,129,12,0,15,145,14,8,147,144,18,19,18,12,16,145,150,19,15,149
128,123,33,29,123,31,126,133,134,24,27,133,29,17,132,129,123,15,26,125,137,118,23,15,0,134,29,23,136,131,33,30,29,19,29,130,139,34,28,134
30,37,129,133,31,127,30,25,26,136,133,29,135,135,30,27,39,145,132,27,23,44,139,145,134,0,135,137,28,31,129,130,127,135,133,28,23,130,134,26
129,124,26,28,126,28,129,132,133,19,22,134,26,20,129,130,124,14,29,128,134,121,20,14,29,135,0,20,135,132,30,29,28,24,24,131,140,29,29,135
137,130,24,24,132,20,131,140,137,19,20,134,20,16,135,138,132,8,25,132,140,123,16,8,23,137,20,0,139,140,26,25,26,20,24,139,142,25,21,141
28,31,131,133,31,131,32,23,26,140,135,27,131,141,24,33,33,147,132,31,23,38,139,147,136,28,135,139,0,29,133,128,131,139,133,28,19,136,132,24
31,34,128,132,34,128,33,30,27,135,134,30,130,134,29,28,34,144,127,38,26,47,134,144,131,31,132,140,29,0,132,129,128,134,134,27,26,125,131,25
131,118,36,26,124,28,131,130,129,23,28,130,34,26,129,126,128,18,33,124,132,119,28,18,33,129,30,26,133,132,0,35,30,28,26,127,134,35,27,135
136,117,37,31,123,33,126,131,128,26,29,129,33,23,128,129,121,19,32,127,127,118,29,19,30,130,29,25,128,129,35,0,29,27,29,126,131,36,26,134
131,118,30,34,124,28,131,130,139,27,28,130,32,26,129,128,122,18,31,128,128,117,28,18,29,127,28,26,131,128,30,29,0,26,30,133,136,35,25,133
135,122,26,26,126,28,131,138,133,17,24,134,28,16,135,136,124,12,27,126,134,121,24,12,19,135,24,20,139,134,28,27,26,0,22,133,142,31,27,139
131,122,34,30,122,32,127,136,131,21,26,134,28,26,129,130,120,16,31,124,132,115,26,16,29,133,24,24,133,134,26,29,30,22,0,131,136,33,27,133
28,41,131,133,29,131,34,21,28,136,135,33,129,135,30,35,23,145,134,35,29,42,133,145,130,28,131,139,28,27,127,126,133,133,131,0,25,128,132,24
25,32,136,134,30,134,29,22,25,139,138,26,136,144,25,30,32,150,135,28,24,41,138,150,139,23,140,142,19,26,134,131,136,142,136,25,0,135,137,21
128,125,33,33,129,35,124,127,126,28,29,129,31,29,130,127,117,19,32,125,129,116,21,19,34,130,29,25,136,125,35,36,35,31,33,128,135,0,30,132
136,121,29,29,125,31,130,135,134,24,27,131,29,21,132,131,125,15,26,131,131,116,27,15,28,134,29,21,132,131,27,26,25,27,27,132,137,30,0,138
26,35,133,133,31,131,30,23,22,142,141,27,133,141,22,23,23,149,134,23,23,36,137,149,134,26,135,141,24,25,135,134,133,139,133,24,21,132,138,0
